nom,budget,descente,random
GP03-01,27,1168,1171
GP03-01,54,1168,1171
GP03-01,81,1318,1168
GP03-01,108,1171,1168
GP03-01,135,1168,1171
GP03-01,162,1171,1168
GP03-01,189,1168,1168
GP03-01,216,1318,1168
GP03-01,243,1171,1168
GP03-01,270,1168,1168
GP03-01,297,1168,1168
GP03-01,324,1168,1168
GP03-01,351,1168,1168
GP03-01,378,1168,1168
GP03-01,405,1168,1168
GP03-01,432,1168,1168
GP03-01,459,1168,1168
GP03-01,486,1168,1168
GP03-01,513,1168,1168
GP03-01,540,1168,1168
GP03-01,567,1168,1168
GP03-01,594,1168,1168
GP03-01,621,1168,1168
GP03-01,648,1168,1168
GP03-01,675,1168,1168
GP03-01,702,1168,1168
GP03-01,729,1168,1168
GP03-01,756,1168,1168
GP03-01,783,1168,1168
GP03-01,810,1168,1168
GP03-01,837,1168,1168
GP03-01,864,1168,1168
GP03-01,891,1168,1168
GP03-01,918,1168,1168
GP03-01,945,1168,1168
GP03-01,972,1168,1168
GP03-01,999,1168,1168
GP03-01,1026,1168,1168
GP03-01,1053,1168,1168
GP03-01,1080,1168,1168
GP03-01,1107,1168,1168
GP03-01,1134,1168,1168
GP03-01,1161,1168,1168
GP03-01,1188,1168,1168
GP03-01,1215,1168,1168
GP03-01,1242,1168,1168
GP03-01,1269,1168,1168
GP03-01,1296,1168,1168
GP03-01,1323,1168,1168
GP03-01,1350,1168,1168
GP03-02,27,1326,1326
GP03-02,54,1170,1170
GP03-02,81,1170,1170
GP03-02,108,1170,1170
GP03-02,135,1170,1170
GP03-02,162,1170,1170
GP03-02,189,1170,1170
GP03-02,216,1170,1170
GP03-02,243,1170,1170
GP03-02,270,1170,1170
GP03-02,297,1170,1170
GP03-02,324,1171,1170
GP03-02,351,1170,1170
GP03-02,378,1171,1170
GP03-02,405,1170,1170
GP03-02,432,1170,1170
GP03-02,459,1170,1170
GP03-02,486,1170,1170
GP03-02,513,1170,1170
GP03-02,540,1170,1170
GP03-02,567,1170,1170
GP03-02,594,1170,1170
GP03-02,621,1170,1170
GP03-02,648,1170,1170
GP03-02,675,1170,1170
GP03-02,702,1170,1170
GP03-02,729,1170,1170
GP03-02,756,1170,1170
GP03-02,783,1170,1170
GP03-02,810,1170,1170
GP03-02,837,1170,1170
GP03-02,864,1170,1170
GP03-02,891,1170,1170
GP03-02,918,1170,1170
GP03-02,945,1170,1170
GP03-02,972,1170,1170
GP03-02,999,1170,1170
GP03-02,1026,1170,1170
GP03-02,1053,1170,1170
GP03-02,1080,1170,1170
GP03-02,1107,1170,1170
GP03-02,1134,1170,1170
GP03-02,1161,1170,1170
GP03-02,1188,1170,1170
GP03-02,1215,1170,1170
GP03-02,1242,1170,1170
GP03-02,1269,1170,1170
GP03-02,1296,1170,1170
GP03-02,1323,1170,1170
GP03-02,1350,1170,1170
GP04-01,64,1328,1315
GP04-01,128,1345,1281
GP04-01,192,1289,1292
GP04-01,256,1316,1313
GP04-01,320,1281,1282
GP04-01,384,1286,1286
GP04-01,448,1286,1289
GP04-01,512,1281,1290
GP04-01,576,1287,1282
GP04-01,640,1283,1286
GP04-01,704,1289,1289
GP04-01,768,1289,1283
GP04-01,832,1313,1289
GP04-01,896,1283,1283
GP04-01,960,1281,1281
GP04-01,1024,1281,1282
GP04-01,1088,1289,1288
GP04-01,1152,1283,1283
GP04-01,1216,1289,1283
GP04-01,1280,1286,1282
GP04-01,1344,1286,1282
GP04-01,1408,1282,1282
GP04-01,1472,1283,1288
GP04-01,1536,1309,1282
GP04-01,1600,1281,1283
GP04-01,1664,1289,1286
GP04-01,1728,1281,1287
GP04-01,1792,1281,1283
GP04-01,1856,1286,1282
GP04-01,1920,1281,1281
GP04-01,1984,1281,1282
GP04-01,2048,1281,1281
GP04-01,2112,1283,1281
GP04-01,2176,1283,1281
GP04-01,2240,1281,1281
GP04-01,2304,1281,1281
GP04-01,2368,1281,1282
GP04-01,2432,1281,1282
GP04-01,2496,1283,1285
GP04-01,2560,1286,1282
GP04-01,2624,1281,1281
GP04-01,2688,1281,1288
GP04-01,2752,1283,1283
GP04-01,2816,1282,1281
GP04-01,2880,1281,1282
GP04-01,2944,1286,1282
GP04-01,3008,1281,1281
GP04-01,3072,1281,1283
GP04-01,3136,1286,1281
GP04-01,3200,1281,1281
GP04-02,64,1304,1304
GP04-02,128,1311,1273
GP04-02,192,1272,1273
GP04-02,256,1270,1272
GP04-02,320,1312,1272
GP04-02,384,1277,1277
GP04-02,448,1272,1282
GP04-02,512,1271,1271
GP04-02,576,1270,1273
GP04-02,640,1270,1272
GP04-02,704,1271,1272
GP04-02,768,1270,1289
GP04-02,832,1271,1281
GP04-02,896,1272,1270
GP04-02,960,1270,1272
GP04-02,1024,1270,1272
GP04-02,1088,1270,1272
GP04-02,1152,1271,1272
GP04-02,1216,1281,1270
GP04-02,1280,1272,1272
GP04-02,1344,1271,1272
GP04-02,1408,1272,1271
GP04-02,1472,1271,1272
GP04-02,1536,1271,1271
GP04-02,1600,1271,1272
GP04-02,1664,1271,1272
GP04-02,1728,1281,1271
GP04-02,1792,1271,1272
GP04-02,1856,1270,1272
GP04-02,1920,1270,1272
GP04-02,1984,1270,1270
GP04-02,2048,1270,1271
GP04-02,2112,1271,1272
GP04-02,2176,1271,1271
GP04-02,2240,1270,1270
GP04-02,2304,1270,1270
GP04-02,2368,1271,1270
GP04-02,2432,1270,1271
GP04-02,2496,1270,1277
GP04-02,2560,1270,1270
GP04-02,2624,1271,1270
GP04-02,2688,1270,1271
GP04-02,2752,1270,1271
GP04-02,2816,1271,1270
GP04-02,2880,1270,1270
GP04-02,2944,1270,1270
GP04-02,3008,1271,1270
GP04-02,3072,1270,1270
GP04-02,3136,1271,1270
GP04-02,3200,1270,1272
GP05-01,125,1305,1287
GP05-01,250,1309,1309
GP05-01,375,1288,1315
GP05-01,500,1262,1301
GP05-01,625,1245,1291
GP05-01,750,1279,1291
GP05-01,875,1282,1296
GP05-01,1000,1289,1288
GP05-01,1125,1261,1297
GP05-01,1250,1273,1255
GP05-01,1375,1268,1277
GP05-01,1500,1282,1289
GP05-01,1625,1255,1289
GP05-01,1750,1261,1268
GP05-01,1875,1287,1279
GP05-01,2000,1254,1260
GP05-01,2125,1245,1263
GP05-01,2250,1270,1288
GP05-01,2375,1265,1280
GP05-01,2500,1282,1260
GP05-01,2625,1260,1280
GP05-01,2750,1268,1283
GP05-01,2875,1268,1271
GP05-01,3000,1268,1264
GP05-01,3125,1270,1272
GP05-01,3250,1287,1282
GP05-01,3375,1282,1260
GP05-01,3500,1245,1283
GP05-01,3625,1260,1281
GP05-01,3750,1268,1282
GP05-01,3875,1282,1271
GP05-01,4000,1268,1268
GP05-01,4125,1268,1272
GP05-01,4250,1271,1273
GP05-01,4375,1245,1264
GP05-01,4500,1281,1286
GP05-01,4625,1268,1282
GP05-01,4750,1287,1270
GP05-01,4875,1245,1254
GP05-01,5000,1260,1270
GP05-01,5125,1254,1270
GP05-01,5250,1254,1281
GP05-01,5375,1245,1270
GP05-01,5500,1279,1274
GP05-01,5625,1282,1269
GP05-01,5750,1260,1268
GP05-01,5875,1254,1286
GP05-01,6000,1245,1261
GP05-01,6125,1260,1269
GP05-01,6250,1254,1265
GP06-01,216,1407,1335
GP06-01,432,1325,1319
GP06-01,648,1316,1331
GP06-01,864,1309,1325
GP06-01,1080,1285,1320
GP06-01,1296,1299,1328
GP06-01,1512,1314,1320
GP06-01,1728,1298,1324
GP06-01,1944,1265,1318
GP06-01,2160,1273,1318
GP06-01,2376,1291,1317
GP06-01,2592,1294,1317
GP06-01,2808,1285,1309
GP06-01,3024,1296,1315
GP06-01,3240,1290,1319
GP06-01,3456,1275,1318
GP06-01,3672,1272,1300
GP06-01,3888,1306,1319
GP06-01,4104,1299,1319
GP06-01,4320,1290,1317
GP06-01,4536,1275,1322
GP06-01,4752,1265,1310
GP06-01,4968,1306,1315
GP06-01,5184,1289,1307
GP06-01,5400,1265,1305
GP06-01,5616,1265,1319
GP06-01,5832,1295,1310
GP06-01,6048,1285,1313
GP06-01,6264,1278,1316
GP06-01,6480,1285,1310
GP06-01,6696,1288,1311
GP06-01,6912,1265,1315
GP06-01,7128,1306,1304
GP06-01,7344,1288,1309
GP06-01,7560,1273,1306
GP06-01,7776,1281,1316
GP06-01,7992,1265,1308
GP06-01,8208,1275,1311
GP06-01,8424,1273,1312
GP06-01,8640,1265,1292
GP06-01,8856,1289,1310
GP06-01,9072,1275,1319
GP06-01,9288,1278,1316
GP06-01,9504,1278,1315
GP06-01,9720,1273,1302
GP06-01,9936,1289,1317
GP06-01,10152,1264,1301
GP06-01,10368,1289,1314
GP06-01,10584,1272,1306
GP06-01,10800,1298,1316
GP10-01,1000,1447,1463
GP10-01,2000,1272,1411
GP10-01,3000,1377,1417
GP10-01,4000,1345,1428
GP10-01,5000,1286,1406
GP10-01,6000,1367,1393
GP10-01,7000,1285,1445
GP10-01,8000,1281,1403
GP10-01,9000,1215,1429
GP10-01,10000,1201,1382
GP10-01,11000,1297,1398
GP10-01,12000,1278,1416
GP10-01,13000,1275,1422
GP10-01,14000,1383,1400
GP10-01,15000,1252,1431
GP10-01,16000,1198,1417
GP10-01,17000,1251,1393
GP10-01,18000,1245,1342
GP10-01,19000,1217,1375
GP10-01,20000,1224,1424
GP10-01,21000,1225,1355
GP10-01,22000,1214,1397
GP10-01,23000,1283,1377
GP10-01,24000,1197,1382
GP10-01,25000,1153,1382
GP10-01,26000,1160,1411
GP10-01,27000,1281,1415
GP10-01,28000,1207,1402
GP10-01,29000,1230,1350
GP10-01,30000,1270,1377
GP10-01,31000,1220,1402
GP10-01,32000,1247,1399
GP10-01,33000,1284,1355
GP10-01,34000,1197,1380
GP10-01,35000,1215,1334
GP10-01,36000,1196,1381
GP10-01,37000,1247,1363
GP10-01,38000,1267,1357
GP10-01,39000,1137,1359
GP10-01,40000,1200,1381
GP10-01,41000,1223,1405
GP10-01,42000,1169,1383
GP10-01,43000,1241,1399
GP10-01,44000,1268,1366
GP10-01,45000,1202,1396
GP10-01,46000,1192,1320
GP10-01,47000,1280,1370
